V 54
K 1
D 0 -254000 4064000 0
Y 1
U 3683000 762000 254000 0 2 3 REFDES=Y?
U 3683000 508000 254000 0 2 3 DEVICE=ABS04W-32.768KHZ-6-D2-T5
U 3683000 254000 254000 0 2 0 PKG_TYPE=ABS04W32768KHZ6D2T5
U 3683000 0 254000 0 2 0 Description=32.768 kHz +/-20ppm Crystal 6pF 130 kOhms 4-SMD, No Lead
U 3683000 -254000 254000 0 2 0 Datasheet Link=https://abracon.com/datasheets/ABS04W.pdf
U 3683000 -508000 254000 0 2 0 Height=0.35
U 3683000 -762000 254000 0 2 0 Mouser Part Number=815-04W-32.768-6-D2T
U 3683000 -1016000 254000 0 2 0 Mouser Price/Stock=https://www.mouser.co.uk/ProductDetail/ABRACON/ABS04W-32.768KHZ-6-D2-T5?qs=lc2O%252BfHJPVZbxXtU7CitfQ%3D%3D
U 3683000 -1270000 254000 0 2 0 Manufacturer_Name=ABRACON
U 3683000 -1524000 254000 0 2 0 Manufacturer_Part_Number=ABS04W-32.768KHZ-6-D2-T5
U 0 0 254000 0 1 0 FORWARD_PCB=1
l 5 508000 254000 3556000 254000 3556000 -508000 508000 -508000 508000 254000
|GRPHSTL -1 -1 -1 1
P 1 0 -254000 508000 -254000 0 2 0
L 584200 -254000 228600 0 2 0 1 0 CRYSTAL_1
A 355600 -203200 203200 0 9 3 #=1
A 0 0 9 0 3 0 PINTYPE=BI
P 2 4064000 -254000 3556000 -254000 0 3 0
L 3479800 -254000 228600 0 8 0 1 0 GND
A 3708400 -203200 203200 0 3 3 #=2
A 0 0 9 0 3 0 PINTYPE=BI
P 3 4064000 0 3556000 0 0 3 0
L 3479800 0 228600 0 8 0 1 0 CRYSTAL_2
A 3708400 50800 203200 0 3 3 #=3
A 0 0 9 0 3 0 PINTYPE=BI
P 4 0 0 508000 0 0 2 0
L 584200 0 228600 0 2 0 1 0 NC
A 355600 50800 203200 0 9 3 #=4
A 0 0 9 0 3 0 PINTYPE=BI
E
